1468367866033,-0.2043457,0.9116211,0.10205078
1468367866068,-0.2019043,0.96899414,0.11767578
1468367866097,-0.26660156,0.89941406,0.10839844
1468367866130,-0.22314453,0.8432617,0.12426758
1468367866168,-0.17895508,1.0200195,0.21459961
1468367866178,-0.4501953,1.1335449,0.26879883
1468367866212,-0.4716797,1.1115723,0.2614746
1468367866247,-0.43115234,1.0588379,0.31445313
1468367866279,-0.37963867,0.8659668,0.28198242
1468367866317,-0.3720703,0.8557129,0.23413086
1468367866345,-0.38134766,0.8222656,0.22167969
1468367866381,-0.28833008,0.78564453,0.20361328
1468367866419,-0.2446289,0.75146484,0.18481445
1468367866428,-0.23632813,0.8474121,0.1862793
1468367866480,-0.2211914,0.8676758,0.1953125
1468367866498,-0.21166992,0.82543945,0.18408203
1468367866532,-0.21606445,0.83813477,0.19873047
1468367866564,-0.22363281,0.90966797,0.18945313
1468367866596,-0.21899414,0.9223633,0.15283203
1468367866628,-0.28271484,0.9501953,0.118652344
1468367866665,-0.29541016,1.0080566,0.083984375
1468367866700,-0.27807617,1.0107422,0.052246094
1468367866733,-0.23754883,1.0405273,0.022705078
1468367866766,-0.21411133,1.0124512,0.010986328
1468367866801,-0.25952148,0.9609375,0.0026855469
1468367866834,-0.33251953,1.0310059,0.019042969
1468367866876,-0.3569336,0.99438477,-0.008544922
1468367866904,-0.36572266,0.9609375,0.0034179688
1468367866913,-0.40551758,0.97436523,0.010253906
1468367866974,-0.38623047,0.96191406,-0.012207031
1468367867011,-0.359375,0.9260254,0.017822266
1468367867080,-0.40600586,0.9584961,0.020996094
1468367867113,-0.42871094,0.9470215,4.8828125E-4
1468367867147,-0.41210938,0.8937988,-0.0024414063
1468367867179,-0.37719727,0.91674805,-0.013183594
1468367867220,-0.328125,0.90234375,-0.028808594
1468367867250,-0.3659668,0.91430664,-0.038330078
1468367867285,-0.35986328,0.8925781,-0.07128906
1468367867321,-0.40771484,0.9230957,-0.095703125
1468367867354,-0.53271484,0.9724121,-0.079589844
1468367867388,-0.61621094,0.93481445,-0.11743164
1468367867422,-0.57714844,0.87890625,-0.106933594
1468367867457,-0.5324707,0.7937012,-0.10644531
1468367867496,-0.22583008,0.89404297,-0.28637695
1468367867564,-0.3779297,0.95532227,-0.27978516
1468367867598,-0.37182617,0.90625,-0.2487793
1468367867625,-0.3461914,0.9291992,-0.24047852
1468367867664,-0.31201172,0.9082031,-0.23901367
1468367867710,-0.2409668,0.94873047,-0.24145508
1468367867743,-0.22363281,0.9499512,-0.19995117
1468367867761,-0.26538086,0.9472656,-0.18896484
1468367867789,-0.2680664,0.9445801,-0.1875
1468367867825,-0.2524414,0.91967773,-0.2109375
1468367867859,-0.20507813,0.9506836,-0.24047852
1468367868164,-0.21240234,0.82128906,-0.36547852
1468367868240,-0.52197266,0.7519531,-0.38354492
1468367868534,-0.42944336,0.7961426,-0.42797852
1468367868575,-0.63842773,0.76904297,-0.5126953
1468367868610,-0.6413574,0.7687988,-0.3659668
1468367868619,-0.46826172,0.8261719,-0.42578125
1468367868655,-0.33935547,0.7236328,-0.5710449
1468367868688,-0.068603516,0.9108887,-0.1459961
1468367868727,-0.23730469,0.92700195,-0.31689453
1468367868755,-0.5695801,0.6530762,-0.7438965
1468367868786,-0.7858887,0.6867676,-0.8852539
1468367868825,-0.5493164,0.45751953,-0.5839844
1468367868860,-0.579834,0.64868164,-0.47583008
1468367868896,-0.52441406,0.79956055,-0.1328125
1468367868927,-0.6044922,0.7729492,-0.053222656
1468367868938,-0.5505371,0.92089844,-0.26171875
1468367868998,-0.4489746,0.7780762,-0.60839844
1468367869037,-0.40112305,0.6906738,-0.8654785
1468367869103,-0.39916992,0.5974121,-0.60302734
1468367869137,-0.51464844,0.5065918,-0.55249023
1468367869184,-0.5991211,0.15966797,-1.1166992
1468367869205,-0.35375977,1.9504395,-0.21777344
1468367869240,-0.32348633,0.84521484,-0.5500488
1468367869274,-0.41674805,0.25976563,-0.9572754
1468367869303,-0.421875,0.8186035,-0.76782227
1468367869337,-0.29785156,0.68725586,-0.54833984
1468367869374,-0.6689453,0.6960449,-0.13256836
1468367869399,-0.5119629,0.94555664,-0.14746094
1468367869435,-0.4885254,0.8640137,-0.21948242
1468367869477,-0.47338867,1.1533203,-0.09008789
1468367869502,-0.41845703,0.9777832,-0.2133789
1468367869520,-0.3701172,0.36572266,0.35009766
1468367869566,-0.48168945,0.54785156,0.3071289
1468367869600,-0.6503906,0.7429199,0.38305664
1468367869617,-0.6345215,0.795166,0.22729492
1468367869668,-0.52319336,0.82470703,0.2290039
1468367869685,-0.46411133,0.7336426,0.23022461
1468367869718,-0.43139648,0.99243164,0.042236328
1468367869752,-0.53515625,0.751709,0.0690918
1468367869786,-0.6711426,0.8547363,-0.28930664
1468367869816,-0.7307129,1.3256836,-1.0454102
1468367869849,-0.39086914,1.0952148,-0.33032227
1468367869887,-0.81030273,0.6218262,0.50927734
1468367869925,-0.068115234,0.6855469,1.1831055
1468367869955,-0.3310547,1.0075684,0.1237793
1468367869984,-0.5275879,0.80859375,-0.03173828
1468367870016,-0.7219238,0.74365234,-1.3735352
1468367870050,-1.5205078,0.5695801,-1.4851074
1468367870068,-0.49023438,0.23486328,-0.9309082
1468367870110,-0.47387695,0.4963379,-0.07080078
1468367870152,0.28100586,1.1862793,1.2521973
1468367870179,-0.6496582,0.96362305,0.045166016
1468367870224,-0.31274414,0.845459,-0.12768555
1468367870249,-1.1130371,0.9802246,-2.1281738
1468367870282,-1.416748,0.7451172,-1.1674805
1468367870321,-0.38012695,0.4008789,-0.91137695
1468367870351,0.010986328,0.32714844,0.8754883
1468367870362,0.25170898,0.9484863,1.090332
1468367870398,-0.5620117,0.93969727,0.111083984
1468367870435,-0.44702148,0.91259766,-0.9001465
1468367870468,-1.2485352,0.8796387,-1.6638184
1468367870495,-1.5061035,0.7163086,-1.6652832
1468367870533,-0.23852539,0.32348633,-1.026123
1468367870559,-0.06665039,0.3720703,0.5500488
1468367870596,0.5695801,0.9777832,1.7490234
1468367870635,-0.75512695,1.0095215,0.48461914
1468367870662,-0.45776367,0.9272461,-0.35864258
1468367870697,-1.09375,1.0361328,-1.5771484
1468367870740,-1.5407715,0.8208008,-1.9313965
1468367870766,-0.035888672,0.0859375,-0.89208984
1468367870778,-0.6850586,0.7504883,-0.4633789
1468367870811,0.27270508,0.91967773,1.6289063
1468367870844,-0.28710938,0.85717773,0.77563477
1468367870880,-0.6513672,0.6965332,0.49951172
1468367870917,-0.83081055,1.109375,-1.2668457
1468367870949,-1.401123,0.7614746,-2.225586
1468367870979,-1.3374023,0.5595703,-1.0146484
1468367871011,-0.9265137,0.8286133,-0.54589844
1468367871047,0.15795898,0.42089844,0.7807617
1468367871079,0.50878906,0.8388672,1.1582031
1468367871110,-0.6464844,1.0244141,0.15698242
1468367871166,-1.1125488,0.5842285,-0.5986328
1468367871230,-0.31469727,0.64501953,-0.36938477
1468367871265,-0.4140625,0.45458984,-0.01977539
1468367871295,-1.3771973,0.9421387,-0.41552734
1468367871329,-0.88549805,0.93847656,-0.34350586
1468367871358,-0.7583008,0.8041992,-0.24267578
1468367871663,-0.24584961,0.92089844,-0.6032715
1468367871711,-0.28222656,1.0058594,-0.67211914
1468367871748,-0.6020508,0.767334,-0.7841797
1468367871783,-0.5373535,0.8959961,-1.1906738
1468367871807,-0.7895508,0.07763672,-1.614502
1468367871853,-0.52563477,0.33813477,-1.753418
1468367871888,-0.31054688,0.46142578,-0.34448242
1468367871923,-0.31201172,0.5419922,0.5136719
1468367871959,-0.50341797,0.7807617,-0.03515625
1468367871994,-0.28930664,0.7578125,0.06298828
1468367872024,-0.4494629,0.98779297,-0.053710938
1468367872060,-0.5817871,0.85253906,0.06201172
1468367872104,-0.78271484,0.7402344,0.31811523
1468367872130,-0.37060547,0.95092773,0.36401367
1468367872170,-0.6452637,0.986084,0.35205078
1468367872198,-0.62109375,0.8317871,0.25610352
1468367872232,-0.6591797,0.77734375,0.012451172
1468367872267,-0.6123047,0.81152344,0.2956543
1468367872302,-0.49487305,0.6711426,0.041259766
1468367872337,-0.52856445,0.76342773,-0.11279297
1468367872369,-0.6269531,0.4765625,-0.7993164
1468367872404,-0.5336914,0.90283203,-0.765625
1468367872438,-0.13476563,0.4675293,-0.59643555
1468367872473,-0.25683594,0.73950195,-0.62280273
1468367872513,-0.23803711,0.6611328,-1.2182617
1468367872557,-0.76123047,0.90527344,-0.03564453
1468367872587,-0.8203125,0.72436523,-0.42578125
1468367872616,-0.5805664,0.7219238,-0.040771484
1468367872654,-1.4870605,1.104248,-0.23046875
1468367872684,-0.75756836,0.57128906,-0.09326172
1468367872720,-0.7145996,0.8383789,-0.32885742
1468367872753,-0.6960449,0.5463867,-0.047851563
1468367872787,-0.28710938,0.7324219,-0.4897461
1468367872822,-0.48754883,0.61083984,-0.90356445
1468367872847,-0.5708008,0.78125,-0.5925293
1468367872873,-0.49682617,0.4975586,-0.48999023
1468367872907,-0.46166992,0.69555664,-0.41479492
1468367872938,-0.5292969,0.82373047,-0.5961914
1468367872974,-0.55249023,0.77246094,-0.7446289
1468367873002,-0.63305664,0.40942383,-1.041748
1468367873037,-0.018798828,1.0021973,-0.25561523
1468367873071,-0.40795898,0.46655273,-0.25024414
1468367873089,-0.52246094,0.9892578,0.049560547
1468367873139,-0.5546875,0.7348633,-0.33984375
1468367873167,-0.5720215,0.8659668,-0.2866211
1468367873184,-0.4477539,0.65234375,-0.24560547
1468367873236,-0.77905273,0.48266602,-0.38842773
1468367873255,-0.7602539,0.7128906,-0.42407227
1468367873288,-0.7463379,0.48266602,-0.34472656
1468367873321,-0.6452637,0.66967773,-0.6125488
1468367873353,-0.5595703,1.1560059,-0.47729492
1468367873383,-0.037353516,1.0759277,-0.08227539
1468367873418,-0.026367188,0.7590332,-0.22460938
1468367873456,-0.30151367,1.2219238,-0.48828125
1468367873489,-0.42358398,0.62353516,-0.37158203
1468367873521,-0.8244629,1.0148926,-0.33740234
1468367873554,-0.9824219,0.38964844,-0.46191406
1468367873583,-0.86938477,0.5839844,-0.46777344
1468367873624,-0.7558594,0.59277344,-0.7043457
1468367873649,-0.6303711,0.50927734,-0.51049805
1468367873670,-0.3815918,0.49951172,-0.52612305
1468367873719,-0.40185547,0.8286133,-0.32250977
1468367873741,-0.42016602,0.8823242,-0.5197754
1468367873766,-0.3659668,0.7717285,-0.2927246
1468367873834,-0.58496094,0.7565918,-0.5280762
1468367873868,-0.49389648,0.5036621,-0.54174805
1468367873908,-0.5124512,0.7373047,-0.86816406
1468367873936,-0.40161133,0.67211914,-0.58813477
1468367873968,-0.43164063,0.53125,-0.65625
1468367874015,-0.54589844,0.7199707,-0.7751465
1468367874097,-0.4013672,0.61035156,-0.7397461
1468367874110,-0.3449707,1.0007324,-0.5288086
1468367874122,-0.41992188,0.8618164,-0.7145996
1468367874178,-0.41259766,0.74243164,-0.74560547
1468367874219,-0.6179199,0.7468262,-0.2602539
1468367874267,-0.76123047,0.83374023,-0.042236328
1468367874285,-0.78515625,0.6862793,-0.26660156
1468367874318,-0.6665039,0.88623047,0.0036621094
1468367874349,-0.66137695,1.4104004,-0.08276367
1468367874386,-0.64404297,0.7590332,-0.17407227
1468367874419,-0.51464844,0.39892578,0.075683594
1468367874455,-0.14282227,-0.4489746,-0.028320313
1468367874489,0.39233398,0.80810547,-0.30664063
1468367874522,-0.08911133,2.3757324,-1.0585938
1468367874533,-1.2788086,0.81640625,-0.10620117
1468367874845,-1.5979004,0.25854492,1.2009277
1468367874915,0.3190918,0.623291,0.32202148
1468367874932,0.05493164,0.7675781,0.8251953
1468367875239,-0.29052734,0.5449219,0.6130371
1468367875315,-0.27001953,0.20629883,0.576416
1468367875359,-0.16357422,0.26245117,0.51000977
1468367875382,-0.26367188,0.27368164,0.4946289
1468367875411,-0.3215332,0.48046875,0.5270996
1468367875450,-0.6142578,0.41357422,0.6882324
1468367875478,-0.62353516,0.6936035,0.77490234
1468367875512,-0.7138672,0.2097168,0.6904297
1468367875543,-0.7558594,0.2944336,0.95996094
1468367875576,-0.6599121,0.48461914,0.8769531
1468367875611,-0.6311035,0.22558594,0.7878418
1468367875643,-0.6098633,0.0390625,0.7062988
1468367875678,-0.75,-0.14379883,0.88427734
1468367875712,-0.73535156,0.0034179688,0.94384766
1468367875747,-0.8803711,-0.36206055,0.6184082
1468367875782,-0.92211914,-0.26708984,0.7861328
1468367875900,-0.6826172,-0.1381836,0.73999023
1468367875928,-0.71484375,-0.16357422,0.6994629
1468367875957,-0.7553711,-0.15551758,0.61279297
1468367875992,-0.8227539,-0.26635742,0.57910156
1468367876038,-0.7927246,-0.20288086,0.52368164
1468367876061,-0.80615234,-0.34472656,0.4326172
1468367876095,-0.78515625,-0.27270508,0.4584961
1468367876128,-0.7651367,-0.2841797,0.42504883
1468367876163,-0.7446289,-0.25097656,0.48266602
1468367876199,-0.7392578,-0.17822266,0.52563477
1468367876232,-0.7529297,-0.27026367,0.529541
1468367876241,-0.76416016,-0.34228516,0.5341797
1468367876275,-0.80126953,-0.35839844,0.5812988
1468367876315,-0.88916016,-0.4716797,0.673584
1468367876338,-0.92529297,-0.4345703,0.6142578
1468367876375,-0.9030762,-0.39746094,0.6311035
1468367876406,-1.0405273,-0.3395996,0.8479004
1468367876439,-1.0810547,-0.3359375,0.8696289
1468367876478,-1.0380859,0.15405273,0.95336914
1468367876514,-0.8798828,0.43896484,0.79589844
1468367876554,-0.56591797,1.0644531,0.5258789
1468367876605,0.08666992,1.0356445,-0.1472168
1468367876646,0.25146484,0.84936523,-0.09643555
1468367876657,0.16625977,0.7077637,-0.13256836
1468367876708,0.23364258,0.38793945,-0.0715332
1468367876724,0.084228516,0.29833984,-0.09082031
1468367876755,-0.24511719,0.6743164,0.2397461
1468367876806,-0.46704102,0.6513672,0.48168945
1468367876822,-0.9951172,0.86157227,0.8647461
1468367876855,-1.1508789,0.8540039,0.97924805
1468367876889,-0.8635254,0.90625,0.876709
1468367876923,-0.92578125,0.6040039,0.7741699
1468367876971,-0.4609375,0.8083496,0.5852051
1468367877004,-0.35839844,0.69140625,0.8935547
1468367877038,-0.4543457,0.49609375,0.7167969
1468367877073,-0.1875,0.23120117,0.7272949
1468367877108,-0.578125,0.43945313,0.7741699
1468367877143,-0.7102051,0.46484375,0.7351074
1468367877186,-0.7668457,1.159668,0.60424805
1468367877219,-0.50024414,0.4716797,0.8378906
1468367877248,-0.5605469,0.9892578,0.4321289
1468367877288,-0.6916504,0.6008301,0.5102539
1468367877319,-0.6452637,0.4572754,0.5510254
1468367877355,-0.45947266,1.2416992,0.5571289
1468367877388,-0.57714844,0.7480469,0.06958008
1468367877423,-0.39208984,1.1945801,-0.053710938
1468367877436,-0.3383789,0.8425293,0.48461914
1468367877491,-0.43408203,0.72875977,0.17260742
1468367877504,-0.1730957,0.5161133,0.24584961
1468367877535,-0.28393555,0.43945313,0.16723633
1468367877567,-0.7290039,1.1835938,0.14233398
1468367877601,-0.6237793,0.62402344,0.40478516
1468367877636,-0.55859375,0.85424805,0.44384766
1468367877669,-1.2006836,0.732666,0.20996094
1468367877704,-0.86938477,1.2792969,-0.08300781
1468367877736,-0.87524414,1.2197266,-0.19921875
1468367877768,-0.77563477,0.85717773,0.12890625
1468367877804,-0.41235352,0.92944336,0.3569336
1468367877837,-0.16064453,0.8781738,-0.15063477
1468367877872,0.15454102,0.39257813,0.42333984
1468367877906,0.047607422,0.68188477,0.15258789
1468367877944,-0.32885742,0.9655762,-0.0063476563
1468367877967,-0.5354004,1.0314941,0.23339844
1468367878263,-0.42919922,0.9370117,-0.05444336
1468367878616,-0.72631836,0.70092773,0.10107422
1468367878687,-1.0300293,1.4416504,-0.4555664
1468367878728,-0.98657227,1.1245117,-0.49023438
1468367878762,-0.72387695,1.0019531,-0.1262207
1468367878788,-0.31835938,0.80444336,-0.123291016
1468367878831,0.009765625,0.68066406,0.17602539
1468367878865,0.20214844,0.48291016,0.25439453
1468367878895,0.006591797,0.65844727,0.14550781
1468367878928,-0.22924805,0.95874023,-9.765625E-4
1468367878971,-0.55371094,0.88671875,0.096191406
1468367878997,-0.62524414,1.2651367,-0.3359375
1468367879033,-0.9729004,1.3640137,-0.29956055
1468367879065,-1.2351074,1.4128418,-0.6850586
1468367879101,-0.80322266,0.96313477,-0.39111328
1468367879137,-0.20239258,0.7541504,-0.05029297
1468367879146,0.028808594,0.66845703,0.10229492
1468367879182,0.2998047,0.6633301,0.62353516
1468367879212,0.088134766,0.5004883,0.29663086
1468367879245,-0.45654297,1.3508301,-0.11694336
1468367879268,-0.42333984,0.92089844,0.0087890625
1468367879314,-0.48120117,1.0129395,-0.32910156
1468367879343,-0.8757324,1.2106934,-0.47680664
1468367879368,-0.9609375,1.2739258,-0.43237305
1468367879412,-0.6569824,0.7480469,-0.6347656
1468367879428,-0.56811523,0.8088379,-0.36767578
1468367879467,-0.33422852,0.9321289,-0.3713379
1468367879497,-0.10620117,0.54418945,-0.5720215
1468367879526,-0.07788086,0.6123047,-0.7077637
1468367879559,-0.07299805,0.5437012,-0.5588379
1468367879593,0.025146484,0.79956055,-0.36010742
1468367879629,-0.35473633,0.8708496,-0.30126953
1468367879664,-0.43969727,0.78466797,-0.26586914
1468367879695,-0.3227539,0.75024414,-0.8979492
1468367879724,-0.91064453,0.9589844,-0.86816406
1468367879758,-0.83740234,0.81591797,-0.9370117
1468367879793,-0.78466797,0.8457031,-1.0568848
1468367879827,-0.28027344,0.7158203,-0.5041504
1468367879846,-0.14575195,0.77001953,-0.4326172
1468367879901,0.1496582,0.7470703,7.324219E-4
1468367879912,0.036621094,0.4741211,0.0925293
1468367879940,-0.21289063,0.9819336,-0.14331055
1468367880025,-0.42822266,0.77783203,-0.3251953
1468367880047,-0.54956055,1.0969238,-0.8227539
1468367880078,-0.4086914,1.0209961,-0.41552734
1468367880112,-0.4189453,0.876709,-0.37060547
1468367880147,-0.62646484,0.842041,-0.46972656
1468367880181,-0.42089844,0.873291,-0.43017578
1468367880225,-0.36035156,0.6594238,-0.49243164
1468367880251,-0.52001953,0.6467285,-0.42456055
1468367880286,-0.4802246,0.78393555,-0.38549805
1468367880318,-0.45214844,0.826416,-0.60253906
1468367880353,-0.02368164,1.0891113,-0.4013672
1468367880399,0.3557129,0.6665039,0.704834
1468367880427,-0.2902832,1.0603027,0.30517578
1468367880459,-0.6879883,0.92871094,-0.529541
1468367880493,-1.338623,1.5322266,-0.95214844
1468367880526,-0.7885742,1.0961914,-0.5065918
1468367880559,-0.3852539,0.94628906,-0.21386719
1468367880593,0.18579102,0.6591797,0.16210938
1468367880633,0.31079102,0.18164063,1.1682129
1468367880662,0.0048828125,0.7363281,-0.00390625
1468367880697,-0.42651367,1.1210938,0.04638672
1468367880719,-0.5324707,1.3637695,-0.072265625
1468367880767,-0.8300781,1.1635742,-0.7770996
1468367880807,-0.6660156,1.1774902,-0.42797852
1468367880886,-0.048828125,0.8186035,0.2705078
1468367880908,0.36254883,0.41748047,0.91064453
1468367880978,-0.15844727,1.0686035,-0.08862305
1468367881014,-0.5505371,1.1386719,-0.11743164
1468367881051,-0.98999023,0.69628906,-0.59521484
1468367881073,-0.9848633,1.510498,-1.2053223
1468367881107,-0.93847656,1.1845703,-0.6904297
1468367881135,-0.23486328,1.0617676,-0.16479492
1468367881196,0.1640625,0.7121582,0.1381836
1468367881226,0.3239746,0.3996582,0.75097656
1468367881253,0.17504883,0.5341797,0.4819336
1468367881273,-0.2055664,0.8972168,-0.17578125
1468367881298,-0.33740234,1.0412598,-0.55200195
1468367881336,-0.5576172,0.96777344,-0.026855469
1468367881369,-0.41064453,1.4367676,-0.24584961
1468367881388,-0.3684082,1.2114258,-0.36083984
1468367881438,-0.29174805,0.9777832,-0.1953125
1468367881458,-0.31103516,1.1472168,-0.13916016
1468367881488,-0.19067383,1.0344238,-0.12646484
1468367881534,-0.10473633,0.88305664,0.0949707
1468367881552,-0.171875,0.89819336,0.09472656
1468367881867,-0.14111328,0.9350586,0.02758789
1468367882227,-0.21533203,0.8823242,0.037353516
1468367882241,-0.37329102,1.1550293,-0.29638672
1468367882255,-0.016113281,0.99609375,0.1928711
1468367882270,0.0021972656,0.84277344,0.3876953
1468367882286,-0.18188477,0.67456055,0.017822266
1468367882293,-0.17602539,1.0493164,-0.05517578
1468367882302,-0.5678711,1.1992188,-0.15429688
1468367882310,-0.5690918,1.1660156,-0.7783203
1468367882314,-0.65844727,1.0666504,-0.51831055
1468367882320,-0.28930664,1.1674805,-0.19726563
1468367882346,0.28295898,0.5070801,0.67822266
1468367882367,0.34399414,0.513916,0.7055664
1468367882399,-0.18115234,1.1757813,-0.10961914
1468367882439,-0.21679688,1.2473145,-0.18408203
1468367882453,-0.63061523,0.939209,-0.28466797
1468367882485,-0.5161133,0.9375,-0.9538574
1468367882513,-0.6376953,0.91845703,-0.63671875
1468367882550,-0.45507813,0.7487793,-0.7512207
1468367882586,-0.12817383,0.84350586,-0.8911133
1468367882616,0.15820313,0.4189453,-0.5593262
1468367882651,0.14941406,0.78344727,-0.36328125
1468367882687,0.14916992,0.58032227,-0.42016602
1468367882717,-0.18554688,0.7705078,-0.18774414
1468367882752,-0.3317871,0.7338867,-0.29614258
1468367882790,-0.47827148,0.88134766,-0.98999023
1468367882816,-0.6867676,0.96655273,-0.3972168
1468367882834,-0.30200195,0.61279297,-1.2614746
1468367882884,-0.6286621,0.8881836,-0.9609375
1468367882900,-0.25146484,0.60839844,-0.45581055
1468367882931,-0.119628906,0.78808594,-0.70947266
1468367882981,0.3486328,0.75,0.25561523
1468367883012,-0.0061035156,0.37695313,0.10253906
1468367883047,-0.32861328,1.0620117,-0.016601563
1468367883091,-0.080566406,0.8105469,-0.62231445
1468367883116,-0.42236328,1.0646973,-1.067627
1468367883130,-0.7219238,0.78149414,-0.95288086
1468367883167,-0.51342773,0.9016113,-1.3449707
1468367883198,-0.6503906,0.8171387,-0.9025879
1468367883234,-0.3137207,0.4724121,-1.0979004
1468367883288,-0.03125,0.4194336,0.2133789
1468367883299,0.35766602,1.0046387,0.15429688
1468367883336,-0.06689453,0.7866211,0.06689453
1468367883363,-0.14819336,0.95751953,-0.49267578
1468367883397,-0.49316406,0.94506836,-0.48242188
1468367883427,-0.35229492,1.0715332,-0.6821289
1468367883466,-0.16967773,1.2006836,-0.59228516
1468367883495,-0.27929688,0.76708984,-0.40771484
1468367883538,-0.39111328,0.93188477,-0.5358887
1468367883564,-0.47460938,0.85961914,-0.37597656
1468367883598,-0.501709,0.74609375,-0.22509766
1468367883632,-0.31445313,0.56347656,-0.65527344
1468367883647,-0.25341797,0.7216797,-0.63378906
1468367883706,-0.26049805,0.48364258,-0.81591797
1468367883746,-0.32495117,0.6809082,-1.2324219
1468367883777,-0.07763672,1.0866699,-0.87158203
1468367883810,-0.14648438,1.8649902,-0.5041504
1468367883846,-0.26904297,0.7373047,-0.4921875
1468367883879,-0.31640625,0.57788086,-0.82299805
1468367883909,-0.21142578,1.4150391,-0.84155273
1468367883943,-0.3239746,-0.7421875,-1.3513184
1468367883977,-0.09716797,1.177002,-1.1103516
1468367884011,-0.19970703,0.33935547,-1.3527832
1468367884049,0.060791016,0.6604004,-0.24682617
1468367884074,-0.5749512,0.9448242,0.16430664
1468367884102,0.011230469,0.39111328,-0.5029297
1468367884162,-0.33032227,0.5678711,-0.7438965
1468367884205,-0.37524414,0.8503418,-0.7438965
1468367884235,-0.38012695,0.984375,-0.73779297
1468367884262,-0.5358887,0.9511719,-0.39404297
1468367884299,-0.45751953,0.64501953,-0.34179688
1468367884330,-0.32958984,1.3173828,-0.6645508
1468367884358,-0.18334961,2.1262207,0.040527344
1468367884393,0.018066406,1.2338867,-0.49389648
1468367884428,-0.54248047,0.7504883,0.20410156
1468367884467,-0.52978516,0.38916016,0.50341797
1468367884478,-0.5593262,0.42163086,0.59643555
1468367884530,-0.6123047,-0.064941406,0.83740234
1468367884539,-0.4584961,0.2253418,0.61499023
1468367884574,-0.37426758,0.1081543,0.7421875
1468367884610,-0.14331055,0.31323242,0.73339844
1468367884642,0.008056641,0.47387695,0.7092285
1468367884678,0.17993164,0.49682617,0.40405273
1468367884706,0.11621094,1.1403809,0.1928711
1468367884757,-0.17285156,1.3103027,0.4897461
1468367885105,-0.27978516,1.2695313,-0.4645996
1468367885173,-0.4970703,0.8937988,0.25390625
1468367885209,-0.2939453,0.8654785,-0.017089844
1468367885242,-0.19165039,0.9753418,-0.075683594
1468367885278,-0.26391602,1.0095215,-0.4086914
1468367885310,-0.31469727,0.7558594,-0.72094727
1468367885319,-0.57055664,0.51953125,-0.6411133
1468367885361,-0.27783203,0.65966797,-1.123291
1468367885388,-0.107910156,0.6425781,-0.79589844
1468367885422,0.076660156,0.3154297,-0.3408203
1468367885453,-0.056640625,0.74072266,-0.09082031
1468367885491,-0.27246094,0.76953125,-0.62841797
1468367885519,-0.59106445,1.1120605,-1.1328125
1468367885536,-0.3190918,0.7468262,-1.0817871
1468367885587,-0.71313477,0.8984375,-0.8859863
1468367885607,-0.5048828,0.6230469,-0.6171875
1468367885640,-0.34985352,0.8022461,-0.29516602
1468367885675,-0.14624023,0.68530273,-0.19042969
1468367885700,0.011474609,0.72143555,-0.029052734
1468367885736,-0.09008789,0.6928711,0.14697266
1468367885770,-0.2536621,0.7644043,-0.15136719
1468367885812,-0.38793945,0.9187012,-0.063964844
1468367885848,-0.5593262,1.0566406,-0.20117188
1468367885872,-0.5563965,1.1323242,-0.27441406
1468367885902,-0.52612305,0.9633789,-0.014160156
1468367885934,-0.5786133,1.0825195,-0.014404297
1468367885968,-0.5307617,0.88378906,-0.095458984
1468367886008,-0.45239258,0.70703125,-0.040283203
1468367886021,-0.48876953,0.9980469,-0.13330078
1468367886070,-0.49243164,0.7609863,-0.024902344
1468367886088,-0.4675293,0.9211426,0.009521484
1468367886117,-0.5004883,0.8552246,-0.048828125
1468367886168,-0.52783203,0.8652344,0.0029296875
1468367886184,-0.4699707,0.9428711,-0.010986328
1468367886221,-0.43188477,0.88549805,-0.08911133
1468367886259,-0.42749023,0.86450195,0.044433594
1468367886287,-0.3942871,0.8754883,0.015136719
1468367886319,-0.48876953,0.93774414,0.008056641
1468367886351,-0.5012207,1.0759277,-0.06347656
1468367886384,-0.49780273,0.8913574,-0.080078125
1468367886424,-0.54711914,0.93310547,0.013427734
1468367886452,-0.46264648,1.0556641,-0.046142578
1468367886488,-0.45458984,0.9970703,0.052734375
1468367886516,-0.41333008,1.0249023,0.16894531
1468367886550,-0.34765625,0.9338379,0.072265625
1468367886587,-0.31762695,0.83032227,0.099609375
1468367886602,-0.122802734,0.6804199,0.020996094
1468367886634,0.421875,0.27392578,-0.22021484
1468367886673,0.41601563,0.9934082,-0.27148438
1468367886697,-0.5305176,0.55444336,0.008300781
1468367886732,-2.0600586,1.2670898,0.8210449
1468367886767,-1.0783691,1.458252,0.32104492
1468367886802,-0.22973633,0.37695313,0.076171875
1468367886834,1.1933594,1.173584,-0.1665039
1468367886874,-0.17553711,0.8745117,-0.40454102
1468367886903,-1.8044434,0.0793457,1.0786133
1468367886945,-0.83984375,0.87280273,0.41967773
1468367886975,0.12939453,1.3479004,-0.28076172
1468367886983,0.09399414,1.5349121,-0.55859375
1468367887042,-1.2590332,-0.78344727,1.270752
1468367887049,-0.7578125,0.65185547,1.2084961
1468367887084,-0.7692871,0.82373047,0.8269043
1468367887150,-0.375,0.53271484,0.7072754
1468367887190,-0.2019043,0.5905762,0.6179199
1468367887216,-0.079833984,0.3671875,0.34033203
1468367887250,0.055664063,0.57910156,0.35986328
1468367887288,0.11035156,0.33618164,0.118652344
1468367887318,-0.06762695,0.68530273,0.025390625
1468367887357,-0.20532227,0.95532227,0.15820313
1468367887389,-0.47705078,0.8059082,0.22436523
1468367887423,-0.8330078,0.73168945,0.5661621
1468367887467,-1.0534668,0.26879883,0.8227539
1468367887525,-1.0419922,-0.033935547,0.94018555
1468367887568,-0.9785156,-0.104003906,0.9851074
1468367887633,-0.86743164,-0.15161133,0.8569336
1468367887665,-0.9477539,-0.30541992,0.951416
1468367887745,-0.763916,0.22241211,0.95288086
1468367887770,-0.6496582,0.60595703,0.6687012
1468367887797,-0.53686523,0.8811035,0.7973633
1468367888107,-0.74194336,-0.84814453,1.135498
1468367888195,-0.22583008,0.9782715,0.43188477
1468367888500,0.36791992,1.0917969,-0.009521484
1468367888555,0.041748047,0.37402344,0.98461914
1468367888583,-1.1123047,-0.24633789,0.87475586
1468367888618,-1.0390625,-0.89624023,0.67041016
1468367888629,-0.77001953,-0.12695313,0.96069336
1468367888663,-0.41918945,-0.10498047,0.60180664
1468367888689,-0.47387695,0.3564453,1.2138672
1468367888725,-0.18725586,0.5280762,1.4208984
1468367888757,-0.21191406,0.66918945,0.76782227
1468367888792,-0.32788086,0.68237305,1.4104004
1468367888827,-0.4494629,0.3425293,0.9946289
1468367888868,-0.19335938,-0.4868164,0.21923828
1468367888896,-0.58374023,0.34106445,0.5566406
1468367888930,-0.49853516,0.7272949,0.6347656
1468367888966,-0.32348633,0.7836914,0.8623047
1468367888998,-0.24365234,1.0776367,0.76342773
1468367889009,-0.012207031,1.189209,0.5625
1468367889067,-0.001953125,0.795166,0.6699219
1468367889075,-0.17358398,-0.029541016,0.41601563
1468367889115,-0.45629883,0.18237305,0.88378906
1468367889175,-0.7102051,0.06323242,0.92211914
1468367889209,-0.6047363,0.47216797,0.798584
1468367889241,-0.44262695,0.52563477,0.36694336
1468367889277,-0.5185547,0.8791504,0.28833008
1468367889317,-0.31225586,1.0288086,-0.028808594
1468367889353,-0.087646484,0.73828125,-0.37963867
1468367889372,0.052246094,0.94262695,-0.25708008
1468367889407,0.3166504,0.7402344,-0.7080078
1468367889446,0.087890625,1.4790039,-0.9658203
1468367889474,-0.24194336,1.6037598,-0.4243164
1468367889505,-0.021972656,0.49267578,-0.14550781
1468367889537,-0.69970703,0.96850586,-0.6164551
1468367889572,-0.1665039,0.9140625,-0.8859863
1468367889589,-0.55737305,0.9013672,0.09692383
1468367889639,-0.6484375,1.112793,-0.6323242
1468367889658,-0.6464844,0.98217773,-0.32470703
1468367889687,-0.2836914,0.63916016,-0.62597656
1468367889737,-0.4333496,0.21484375,-1.001709
1468367889762,-0.45629883,0.33642578,-0.73046875
1468367889788,-0.045166016,0.8317871,-0.72875977
1468367889822,-0.27929688,0.3178711,-0.7705078
1468367889873,-0.37402344,0.3322754,-0.56103516
1468367889890,-0.21923828,0.6394043,-0.65478516
1468367889919,-0.060546875,0.63964844,-0.84594727
1468367889953,-0.13647461,0.8054199,-0.85961914
1468367889987,-0.21972656,0.8720703,-0.8425293
1468367890021,-0.0625,1.0307617,-0.88183594
1468367890056,-0.083984375,0.9355469,-0.626709
1468367890084,-0.06225586,0.8166504,-0.16772461
1468367890124,-0.26953125,0.25073242,0.44750977
1468367890152,-0.08227539,0.49438477,0.5595703
1468367890188,-0.1965332,1.1279297,0.7871094
1468367890221,-0.32885742,0.8605957,0.8845215
1468367890271,-0.5358887,0.9355469,0.7939453
1468367890291,-0.3461914,0.9484863,0.27270508
1468367890324,-0.35742188,0.043945313,0.63549805
1468367890334,-0.48901367,1.4245605,0.52246094
1468367890368,-0.31420898,1.0681152,0.5419922
1468367890403,-0.50756836,1.3642578,0.22265625
1468367890439,-0.48339844,1.3046875,-0.23388672
1468367890470,-0.35668945,0.8408203,-0.29760742
1468367890501,-0.35424805,0.26708984,-0.015136719
1468367890541,0.0146484375,0.9230957,-1.0756836
1468367890569,-0.12841797,1.1384277,-0.5925293
1468367890606,-0.12988281,1.3613281,-0.24780273
1468367890638,-0.2055664,1.0446777,-0.71972656
1468367890675,0.5185547,0.8220215,-0.5229492
1468367890707,0.21118164,0.75561523,0.46411133
1468367890742,0.115234375,0.73095703,1.2392578
1468367890749,-0.52734375,0.5827637,1.1904297
1468367890786,-0.37597656,0.31835938,1.1535645
1468367890818,-0.55810547,-0.3408203,1.0905762
1468367890853,-0.4597168,-0.64697266,0.3527832
1468367890881,-0.5305176,-0.11010742,0.1640625
1468367890914,-0.63671875,-0.31811523,0.82177734
1468367890950,-0.73950195,0.513916,1.0651855
1468367890983,-0.42456055,0.34570313,0.7705078
1468367891017,-0.21435547,0.40527344,1.2783203
1468367891035,-0.025390625,0.80126953,1.0634766
1468367891086,-0.31445313,0.69873047,1.7265625
1468367891114,-0.6953125,0.15478516,1.3911133
1468367891132,-0.16308594,-0.6188965,0.13208008
1468367891480,-0.37329102,0.27539063,0.6689453
1468367891529,-0.626709,2.199707,-0.1081543
1468367891564,-0.07885742,1.8203125,0.008544922
1468367891618,-0.3696289,1.46875,-0.22460938
1468367891682,-0.68603516,0.71435547,-0.076660156
1468367891694,-0.048828125,-0.13085938,-0.11401367
1468367891719,-0.29516602,1.4606934,-0.45092773
1468367891769,0.43041992,0.16894531,-1.0341797
1468367891787,0.20605469,0.24072266,-1.1257324
1468367891823,0.10498047,1.418457,-0.7714844
1468367891857,-0.4255371,0.7038574,-0.55371094
1468367891891,-0.10546875,0.7661133,-0.80126953
1468367891927,-0.3491211,0.814209,-0.25683594
1468367891964,0.03149414,1.236084,-0.49121094
1468367891997,-0.36914063,1.0522461,-0.053222656
1468367892032,-0.83569336,1.0263672,0.564209
1468367892082,-0.34521484,0.8276367,0.46142578
1468367892110,0.078125,0.81640625,0.52441406
1468367892144,0.078125,0.7763672,0.5966797
1468367892178,-0.026855469,0.77783203,0.06542969
1468367892207,-0.15820313,0.8601074,0.8137207
1468367892258,-0.23999023,0.7692871,0.21362305
1468367892274,-0.12866211,0.9909668,0.7211914
1468367892312,-0.23876953,1.0183105,0.01586914
1468367892346,-0.69433594,0.8112793,0.66552734
1468367892378,-0.32592773,1.0354004,-0.29077148
1468367892421,-0.22216797,0.7390137,-0.022949219
1468367892448,0.012939453,0.96313477,-0.8515625
1468367892482,-0.07080078,1.2229004,-0.7233887
1468367892492,-0.14990234,1.1789551,-0.57958984
1468367892527,0.071777344,0.7697754,-0.31176758
1468367892559,0.41918945,0.5461426,0.009521484
1468367892596,0.32299805,0.5957031,0.27514648
1468367892627,0.009033203,0.7492676,1.3330078
1468367892660,-0.49560547,0.75,1.1403809
1468367892709,-0.736084,0.52075195,1.0942383
1468367892737,-0.65527344,-0.5734863,1.3674316
1468367892761,-0.73291016,-0.45166016,0.7155762
1468367892778,-0.34204102,-0.34375,0.24365234
1468367892810,-0.7001953,-0.2890625,0.36572266
1468367892844,-0.6711426,-0.123291016,1.0385742
1468367892879,-0.68237305,0.3322754,1.0932617
1468367892912,-0.20141602,0.50805664,0.69799805
1468367892947,0.008544922,0.4345703,1.3974609
1468367892982,0.061523438,0.69628906,1.0148926
1468367893016,-0.19116211,0.8171387,1.2922363
1468367893049,-0.7077637,0.5385742,1.5129395
1468367893085,-0.40429688,0.33544922,0.64819336
1468367893119,-0.5097656,0.8088379,0.69262695
1468367893160,-0.29418945,0.7624512,1.001709
1468367893227,-0.3647461,0.21044922,0.79589844
1468367893260,-0.36035156,0.86987305,0.7927246
1468367893328,-0.22509766,0.8601074,0.24682617
1468367893366,-0.26660156,1.1035156,0.43920898
1468367893394,-0.099853516,0.65356445,0.7331543
1468367893428,-0.11328125,0.8305664,0.56933594
1468367893463,-0.1105957,0.27319336,0.70410156
1468367893497,-0.33520508,0.33618164,0.78930664
1468367893534,-0.6335449,-0.86743164,1.0776367
1468367893569,-0.48535156,-0.07495117,0.93310547
1468367893604,-0.2763672,0.21875,0.84277344
1468367893642,-0.53393555,1.3530273,-0.54956055
1468367893705,0.064941406,0.28686523,-0.42749023
1468367893753,-0.296875,1.1035156,-0.6032715
1468367893813,-0.1616211,0.8461914,-0.6582031
1468367893845,-0.12939453,0.79418945,-0.8149414
1468367893884,-0.123291016,0.7390137,-0.88549805
1468367893918,-0.08935547,0.46655273,-1.0161133
1468367893966,-0.034423828,0.53808594,-0.86035156
1468367893972,0.060058594,0.27539063,-1.0541992
1468367894007,0.046875,0.6184082,-0.6027832
1468367894041,-0.30249023,0.7092285,-0.48950195
1468367894075,0.06518555,0.71533203,-0.9328613
1468367894103,-0.19799805,0.75878906,-0.22387695
1468367894138,-0.2434082,0.7109375,-1.1882324
1468367894172,-0.13745117,0.8901367,-0.59228516
1468367894212,-0.119140625,0.9663086,-0.93188477
1468367894252,-0.26879883,0.5932617,-1.4162598
1468367894268,0.029785156,0.20605469,-0.32128906
1468367894589,-0.47607422,1.190918,-0.37768555
1468367894627,-0.83496094,1.2250977,0.056396484
1468367894654,0.08251953,1.0136719,0.23925781
1468367894955,-0.25854492,0.55615234,0.5253906
1468367895036,0.3618164,0.9248047,-0.22143555
1468367895069,0.44091797,0.61816406,-0.023925781
1468367895107,0.40185547,0.4489746,0.66796875
1468367895139,0.1862793,0.58691406,1.2734375
1468367895174,-1.1386719,0.767334,1.0539551
1468367895186,-0.23461914,0.12451172,1.2409668
1468367895244,-0.47094727,-0.3486328,0.53808594
1468367895252,-0.5161133,-1.4699707,0.009277344
1468367895295,-0.86572266,0.50390625,0.13427734
1468367895354,-0.5048828,0.104003906,0.91064453
1468367895386,-0.34814453,-0.15209961,0.5949707
1468367895417,0.04248047,0.46484375,1.3579102
1468367895452,0.22021484,0.6923828,1.0305176
1468367895493,-0.15527344,1.0634766,1.4157715
1468367895514,-0.6479492,0.22949219,1.7480469
1468367895548,-0.31811523,-0.545166,0.20605469
1468367895590,-0.4489746,0.48413086,0.32250977
1468367895617,-0.16772461,0.29589844,0.5192871
1468367895657,-0.30566406,0.873291,0.89208984
1468367895680,-0.13232422,0.9797363,0.7475586
1468367895713,0.18823242,1.2045898,0.8288574
1468367895757,0.2019043,1.1748047,0.3088379
1468367895765,-0.28344727,0.30859375,0.44628906
1468367895819,-0.5710449,-0.34423828,0.6345215
1468367895835,-0.87109375,-0.4477539,1.067627
1468367895868,-0.26904297,0.43774414,0.8520508
1468367895917,-0.5136719,0.8696289,-0.42529297
1468367895929,-0.3630371,1.5883789,-0.2241211
1468367895965,-0.025878906,1.199707,-0.35888672
1468367895999,-0.36035156,1.1777344,-0.22558594
1468367896032,-0.2541504,0.6035156,-0.40527344
1468367896071,-0.28173828,0.97680664,-0.60131836
1468367896102,0.19677734,0.11035156,-0.6850586
1468367896128,0.2861328,1.2790527,-0.98535156
1468367896163,0.37573242,0.56591797,-0.84399414
1468367896205,0.16235352,0.84155273,-1.1481934
1468367896238,-0.4008789,1.5996094,-0.2878418
1468367896293,-0.2692871,0.49902344,-0.9970703
1468367896330,-0.1003418,0.32128906,-1.5083008
1468367896344,0.24780273,0.19335938,-0.873291
1468367896396,0.052246094,1.0270996,-0.0031738281
1468367896415,-0.7807617,0.6135254,-0.055908203
1468367896448,-0.46142578,1.197998,-0.006591797
1468367896495,-0.53808594,1.2746582,0.2841797
1468367896528,-0.091308594,0.52441406,0.4338379
1468367896563,0.25708008,0.8171387,0.41992188
1468367896597,0.020996094,0.9602051,0.16210938
1468367896633,-0.22583008,1.1247559,0.625
1468367896659,-0.20532227,0.89990234,0.43017578
1468367896676,-0.24316406,1.0583496,0.33789063
1468367896709,-0.010009766,1.0683594,0.1640625
1468367896743,-0.43359375,0.8129883,-0.1315918
1468367896777,-0.36108398,0.5720215,-0.22802734
1468367896812,-0.7258301,0.87353516,-0.4194336
1468367896844,-0.072753906,0.2434082,-0.8129883
1468367896875,-0.23364258,0.17163086,-0.8371582
1468367896909,-0.09326172,0.5227051,-0.99780273
1468367896943,-0.046142578,0.08276367,-1.1557617
1468367896978,0.0925293,0.22973633,-1.0163574
1468367897012,-0.092285156,0.5895996,-1.2231445
1468367897049,-0.12060547,1.0493164,-0.6621094
1468367897090,-0.21240234,0.18432617,-1.0825195
1468367897124,-0.15966797,0.8540039,-0.7324219
1468367897161,-0.16308594,0.7849121,-0.6999512
1468367897193,-0.16772461,0.8598633,-0.6711426
1468367897228,-0.07910156,1.159668,-0.5673828
1468367897259,0.08666992,0.83935547,-0.6850586
1468367897293,-0.10107422,0.44604492,0.057617188
1468367897307,-0.38183594,0.33642578,0.50268555
1468367897362,-0.2553711,0.60546875,0.9379883
1468367897377,-0.31445313,0.73950195,1.0793457
1468367897410,-0.19384766,0.71728516,1.0192871
1468367897446,-0.23852539,0.7080078,0.8046875
1468367897472,-0.27929688,0.7241211,0.7192383
1468367897506,0.01586914,0.70996094,0.38110352
1468367897540,-0.44921875,0.25097656,0.6713867
1468367897573,-0.3618164,0.97094727,0.9152832
1468367897614,-0.22192383,0.71435547,0.46166992
1468367897649,-0.35791016,0.9406738,0.2019043
1468367897672,-0.44360352,1.111084,-0.10961914
1468367897711,-0.8054199,0.71069336,0.52490234
1468367897740,-0.64331055,0.4116211,-0.009033203
1468367898018,-0.2006836,1.3815918,-0.4489746
1468367898087,-0.44506836,0.93359375,-0.06567383
1468367898121,-0.35913086,0.8894043,0.024658203
1468367898168,-0.4038086,0.88720703,0.0063476563
1468367898205,-0.31933594,0.95336914,-0.1574707
1468367898237,-0.39038086,1.0244141,-0.095458984
1468367898272,-0.23046875,0.90966797,-0.23730469
1468367898311,-0.14868164,0.99316406,-0.2548828
1468367898341,-0.029785156,0.9213867,-0.25463867
1468367898381,-0.19433594,1.0959473,-0.25390625
1468367898446,-0.4169922,0.8852539,-0.2668457
1468367898479,-0.5620117,0.9394531,-0.29907227
1468367898519,-0.8027344,0.7915039,-0.2541504
1468367898547,-0.62060547,0.51416016,0.0859375
1468367898586,-0.93408203,0.80249023,0.4506836
1468367898615,-0.6347656,0.87109375,0.14526367
1468367898650,-0.8039551,0.8234863,0.328125
1468367898684,-0.7351074,0.9555664,0.44091797
1468367898718,-0.5812988,0.7702637,0.578125
1468367898753,-0.5673828,0.6867676,0.6862793
1468367898788,-0.46557617,0.6838379,0.59472656
1468367898823,-0.46313477,0.6281738,0.6166992
1468367898856,-0.46240234,0.74243164,0.58496094
1468367898867,-0.5456543,0.55981445,0.7463379
1468367898900,-0.48046875,0.42456055,0.6418457
1468367898936,-0.50561523,0.5529785,0.65185547
1468367898973,-0.5205078,0.48217773,0.7739258
1468367899004,-0.4633789,0.43896484,0.5974121
1468367899035,-0.54125977,0.46850586,0.6489258
1468367899051,-0.6281738,0.41333008,0.7236328
1468367899104,-0.55859375,0.4338379,0.5749512
1468367899119,-0.6557617,0.3635254,0.6237793
1468367899152,-0.5917969,0.42529297,0.5871582
1468367899185,-0.66967773,0.47680664,0.5383301
1468367899219,-0.60913086,0.52685547,0.6525879
1468367899250,-0.6237793,0.578125,0.6970215
1468367899285,-0.5061035,0.83569336,0.2956543
1468367899316,-0.50390625,0.8618164,0.20385742
1468367899353,-0.4321289,0.70458984,0.19360352
1468367899385,-0.40649414,1.157959,-0.14624023
1468367899402,-0.2890625,0.9382324,-0.21142578
1468367899435,-0.3461914,0.86035156,-0.12084961
1468367899483,-0.4333496,1.0290527,-0.37524414
1468367899498,-0.64501953,0.8105469,-0.35961914
1468367899534,-0.5366211,0.66796875,-0.11816406
1468367899574,-0.7089844,0.9897461,-0.3720703
1468367899600,-0.9313965,0.8149414,-0.10839844
1468367899636,-0.4465332,0.8515625,-0.58032227
1468367899671,-0.5761719,0.5378418,-0.34936523
1468367899706,-0.34643555,1.0749512,-0.087402344
1468367899753,-0.265625,0.5202637,0.5695801
1468367899777,-0.47729492,0.86206055,0.25219727
1468367899810,-0.32128906,0.8347168,-0.36621094
1468367899817,-0.70336914,0.77685547,-1.1943359
1468367899880,-1.2636719,0.7927246,-1.3203125
1468367899922,-0.026611328,0.005859375,0.8852539
1468367899989,-0.44189453,1.0778809,0.36499023
1468367900017,-0.41601563,0.75561523,-0.5270996
1468367900062,-1.0551758,0.8395996,-1.4729004
1468367900093,-1.1271973,0.6555176,-1.1357422
1468367900122,-0.2783203,0.7836914,-0.60498047
1468367900157,-0.34887695,0.5024414,-0.115478516
1468367900189,-0.22070313,0.6274414,0.28637695
1468367900224,-0.3474121,0.810791,0.03930664
1468367900263,-0.4831543,0.7788086,-0.35864258
1468367900300,-0.56689453,0.54711914,-0.7194824
1468367900331,-0.69189453,0.58447266,-1.0969238
1468367900366,-0.49804688,0.5197754,-1.0112305
1468367900403,-0.3010254,0.5275879,-0.8557129
1468367900444,-0.34228516,0.43164063,-0.6706543
1468367900478,-0.43725586,0.38598633,-0.69189453
1468367900512,-0.51342773,0.30566406,-0.7902832
1468367900550,-0.44335938,0.43823242,-0.72314453
1468367900570,-0.5529785,0.33496094,-0.71777344
1468367900597,-0.38305664,0.33642578,-1.1765137
1468367900642,-0.3635254,7.324219E-4,-0.6179199
1468367900962,-0.47558594,0.1081543,-0.9555664
1468367901030,-0.56396484,0.45532227,-0.98046875
1468367901318,-0.265625,0.82788086,-0.10205078
1468367901385,-0.9655762,0.7871094,-0.6398926
1468367901416,-0.9116211,0.98706055,-0.53222656
1468367901428,-0.6479492,1.065918,-0.36767578
1468367901486,-0.72631836,0.8972168,-0.47705078
1468367901524,-0.4182129,0.685791,-0.923584
1468367901559,-0.3479004,0.7519531,-0.5317383
1468367901593,-0.42626953,0.7573242,0.80981445
1468367901665,-0.48291016,0.61279297,0.3022461
1468367901691,-0.57543945,1.0366211,-0.29785156
1468367901724,-0.7541504,0.9592285,-1.25
1468367901759,-0.67529297,0.5061035,-0.8339844
1468367901793,-0.59277344,0.37963867,-0.9770508
1468367901829,-0.42407227,0.40405273,-1.0332031
1468367901863,-0.5070801,0.2932129,-0.77734375
1468367901897,-0.49438477,0.6635742,-0.27954102
1468367901931,-0.5578613,0.7766113,-0.62109375
1468367901941,-0.63305664,0.6845703,-0.4716797
1468367902009,-0.1694336,0.90356445,-1.1274414
1468367902040,-0.30981445,0.17260742,-0.83251953
1468367902112,-0.4194336,0.49951172,-0.66503906
1468367902141,-0.36816406,0.5437012,-0.654541
1468367902190,-0.54418945,0.5961914,-0.6826172
1468367902211,-0.40600586,0.7092285,-0.76904297
1468367902238,-0.39990234,0.5695801,-0.6933594
1468367902280,-0.3413086,0.8288574,-0.673584
1468367902318,-0.18139648,0.920166,-0.7824707
1468367902357,-0.25024414,0.66137695,-0.6948242
1468367902374,-0.29760742,0.80859375,-0.33789063
1468367902407,-0.4260254,0.7416992,-0.16796875
1468367902428,-0.29760742,0.71118164,-0.27514648
1468367902471,-0.6491699,0.7858887,-0.35253906
1468367902504,-0.61743164,0.7492676,-0.61694336
1468367902520,-0.8540039,0.62597656,-0.51708984
1468367902572,-0.8444824,0.8469238,-0.87597656
1468367902589,-0.7844238,1.026123,-0.767334
1468367902625,-0.7624512,1.0588379,-0.22949219
1468367902669,-0.31469727,0.56396484,0.27124023
1468367902686,-0.099609375,0.6074219,1.1816406
1468367902727,-0.5163574,1.0256348,0.25610352
1468367902758,-0.37597656,0.90771484,-0.25878906
1468367902789,-0.7531738,0.71875,-1.2937012
1468367902829,-1.2946777,0.8762207,-1.7265625
1468367902850,-0.45581055,0.66430664,-1.090332
1468367902885,-0.32763672,0.421875,-0.29711914
1468367902923,-0.28271484,0.52612305,0.49267578
1468367902955,-0.15820313,1.072998,0.30004883
1468367902987,-0.5488281,0.9953613,-0.3569336
1468367903019,-0.64160156,0.7207031,-0.9555664
1468367903062,-0.3947754,0.56225586,-1.1384277
1468367903086,-0.3227539,0.31835938,-0.8703613
1468367903120,-0.35083008,0.47998047,-0.90893555
1468367903154,-0.2890625,0.4050293,-1.0556641
1468367903189,-0.27978516,0.34765625,-0.7011719
1468367903236,-0.56030273,0.60253906,-0.27441406
1468367903268,-0.67944336,0.75683594,-0.82177734
1468367903301,-0.47387695,0.43115234,-1.0268555
1468367903339,-0.3400879,-0.046875,-0.8300781
1468367903369,-0.29296875,0.20605469,-1.1328125
1468367903404,-0.2043457,-0.14990234,-0.8601074
1468367903432,0.010009766,0.5266113,-1.0170898
1468367903467,-0.103759766,0.79052734,-1.1264648
1468367903500,-0.2536621,0.87841797,-0.99853516
1468367903539,-0.49438477,0.6916504,-0.86083984
1468367903571,-0.4873047,0.5830078,-0.8195801
1468367903588,-0.38500977,0.35498047,-0.888916
1468367903619,-0.5036621,0.13256836,-0.79663086
1468367903650,-0.60424805,0.45629883,-0.9929199
1468367903682,-0.6357422,-0.42773438,-1.3764648
1468367903716,-0.63671875,0.5671387,-1.0944824
1468367903756,-0.6550293,0.69677734,-0.6730957
1468367903786,-0.42138672,0.7416992,-0.62060547
1468367903819,-0.39648438,0.67578125,0.14697266
1468367903847,0.018066406,0.8666992,0.57470703
1468367903884,-0.60717773,0.7922363,-0.13574219
1468367903916,-0.24731445,0.86206055,-0.28149414
1468367903949,-0.5834961,0.7824707,-0.5163574
1468367903968,-0.9968262,0.5891113,-1.6437988
1468367904020,-0.6772461,0.4482422,-0.20800781
1468367904050,-0.5822754,1.0769043,-0.4831543
1468367904063,-0.59936523,0.560791,-0.4970703
1468367904114,-0.13696289,0.7416992,0.6750488
1468367904132,0.24584961,1.0449219,0.9008789
1468367904170,-0.5175781,0.64575195,0.6035156
1468367904209,-0.57128906,1.1188965,-1.5744629
1468367904237,-1.5991211,0.4814453,-2.3728027
1468367904272,-0.6311035,0.35302734,-1.0500488
1468367904297,-0.6003418,0.24291992,0.0234375
1468367904599,-0.052734375,0.62524414,1.7937012
1468367904696,-0.77563477,0.9025879,-0.07348633
1468367905013,-0.5046387,1.0219727,-0.13305664
1468367905112,-0.75268555,-1.0544434,0.31079102
1468367905139,-1.067627,1.7148438,0.9448242
1468367905179,-0.35131836,1.1994629,0.78686523
1468367905207,-0.44360352,0.42871094,0.7590332
1468367905244,-0.4489746,-0.140625,0.69970703
1468367905279,-0.7692871,0.7167969,0.8198242
1468367905319,-0.5930176,0.48242188,0.75
1468367905346,-0.4189453,0.33374023,0.7475586
1468367905386,-0.45214844,0.5720215,0.7319336
1468367905414,-0.32788086,0.31591797,0.84716797
1468367905426,-0.5390625,0.064208984,0.9289551
1468367905458,-0.78100586,-0.5415039,0.6245117
1468367905492,-0.6074219,0.012207031,1.0212402
1468367905527,-0.5625,0.18579102,0.97265625
1468367905560,-0.49291992,0.1809082,0.83691406
1468367905592,-0.49902344,0.068359375,0.82543945
1468367905624,-0.47851563,0.25463867,0.57055664
1468367905657,-0.5649414,1.0554199,0.7416992
1468367905677,-0.45043945,0.2734375,0.9272461
1468367905709,-0.46777344,-0.123291016,0.69311523
1468367905742,-0.5229492,0.24707031,0.7390137
1468367905777,-0.5739746,0.3479004,0.8442383
1468367905821,-0.6604004,0.095947266,1.0466309
1468367905844,-0.7067871,-0.15576172,0.8527832
1468367905875,-0.60302734,0.092285156,0.9523926
1468367905912,-0.45874023,0.56103516,0.8408203
1468367905942,-0.87402344,-1.03125,0.82128906
1468367905976,-1.3164063,0.44702148,-0.2319336
1468367906006,-0.5722656,1.8232422,0.032714844
1468367906039,-0.5476074,0.61938477,-0.1706543
1468367906074,-0.31713867,1.1350098,-0.2734375
1468367906091,-0.3322754,1.2590332,-0.36010742
1468367906143,-0.39892578,0.57250977,-0.47387695
1468367906158,-0.53222656,1.2792969,-0.46166992
1468367906192,-0.3383789,0.80322266,-0.3413086
1468367906240,-0.39916992,0.84472656,-0.5432129
1468367906264,-0.41845703,0.53515625,-0.7956543
1468367906291,-0.46948242,0.5239258,-0.72387695
1468367906324,-0.45874023,0.517334,-0.4519043
1468367906359,-0.47314453,0.859375,-0.43530273
1468367906393,-0.560791,1.5598145,-0.7824707
1468367906428,-0.4506836,0.50683594,-0.7661133
1468367906462,-0.44482422,0.31274414,-0.46655273
1468367906498,-0.48999023,0.7192383,-0.6315918
1468367906535,-0.43652344,0.60498047,-0.66625977
1468367906573,-0.41259766,0.72021484,-0.107177734
1468367906634,-0.4958496,0.88012695,-0.49975586
1468367906674,-0.36108398,0.5673828,-0.7290039
1468367906749,-0.35498047,0.38623047,-0.82421875
1468367906777,-0.34326172,0.9555664,-0.703125
1468367906811,-0.39697266,0.26635742,-0.66381836
1468367906845,-0.5358887,0.9494629,-0.54956055
1468367906885,-0.30273438,0.4555664,-1.1037598
1468367906914,-0.27075195,0.8864746,-1.0234375
1468367906949,-0.27856445,1.0893555,-0.96875
1468367906984,-0.17480469,0.73413086,-0.7036133
1468367907017,-0.2475586,0.7104492,-0.19702148
1468367907052,-0.55493164,0.70166016,-0.20825195
1468367907087,-0.66845703,1.3413086,0.47216797
1468367907121,-0.39331055,0.5683594,-0.3425293
1468367907157,-0.75439453,0.86743164,-0.1887207
1468367907224,-0.36889648,0.99902344,0.088378906
1468367907234,-0.51953125,0.8510742,0.31176758
1468367907263,-0.12866211,0.7104492,0.29467773
1468367907295,-0.5571289,0.7207031,0.3322754
1468367907331,-0.40014648,0.7546387,0.4580078
1468367907356,-0.43554688,0.9572754,0.45898438
1468367907401,-0.36743164,0.86987305,0.26660156
1468367907428,-0.40893555,0.6569824,0.22265625
1468367907452,-0.44018555,0.657959,0.35717773
1468367907484,-0.6489258,0.8586426,0.53344727
1468367907518,-0.6911621,0.95532227,0.40771484
1468367907552,-0.23095703,0.5773926,0.03540039
1468367907589,-0.7470703,0.6569824,0.17651367
1468367907603,-0.5283203,0.8366699,0.20825195
1468367907917,-0.5395508,0.67626953,0.24633789
1468367907968,-0.16699219,1.1181641,-0.064208984
1468367908007,-0.20263672,0.91918945,0.075683594
1468367908288,-0.3232422,0.6411133,0.07324219
1468367908349,-0.39111328,0.57958984,0.41625977
1468367908393,-0.6237793,0.3137207,0.6152344
1468367908414,-0.53222656,0.6203613,0.5673828
1468367908447,-0.6052246,0.39013672,0.83496094
1468367908482,-0.63671875,0.96313477,0.8256836
1468367908516,-0.43579102,0.76293945,0.38183594
1468367908559,-0.6513672,1.1342773,1.0544434
1468367908584,-0.5839844,0.19799805,0.798584
1468367908620,-0.55249023,0.43139648,0.73413086
1468367908655,-0.5864258,0.4013672,0.5415039
1468367908688,-0.6779785,0.5566406,0.6118164
1468367908764,-0.7331543,0.20019531,0.5097656
1468367908801,-0.59521484,0.2368164,0.61938477
1468367908869,-0.58618164,0.6274414,0.3359375
1468367908897,-0.9169922,-0.5788574,0.51171875
1468367908932,-0.7246094,1.4104004,-0.81030273
1468367908969,0.11035156,1.5068359,-0.24291992
1468367909008,-1.2060547,0.27954102,-1.0009766
1468367909038,-0.6442871,0.77563477,-0.11376953
1468367909072,-0.37304688,0.81591797,-0.26293945
1468367909096,-0.76904297,1.128418,-0.43188477
1468367909143,-0.37036133,1.2956543,-0.4572754
1468367909185,-0.3486328,0.76416016,-0.6098633
1468367909225,-0.5073242,0.7463379,-0.47436523
1468367909260,-0.20654297,0.75878906,-0.8457031
1468367909277,-0.03564453,1.0698242,-0.9477539
1468367909330,-0.3232422,0.74731445,-0.72802734
1468367909345,-0.38305664,1.0556641,-0.51538086
1468367909383,-0.42456055,0.119628906,-0.34472656
1468367909414,-0.38110352,1.2231445,-0.66503906
1468367909447,-0.6862793,0.31567383,-0.40893555
1468367909479,-0.5708008,0.83813477,-0.033691406
1468367909516,-0.80078125,0.8598633,-0.16430664
1468367909546,-0.61376953,1.0114746,-0.048095703
1468367909585,-0.65234375,0.82714844,-0.5422363
1468367909607,-0.5859375,0.6484375,-0.6369629
1468367909642,-0.40698242,0.58862305,-0.59155273
1468367909676,-0.47143555,0.54248047,-0.7277832
1468367909709,-0.41992188,0.39672852,-0.36401367
1468367909740,-0.41333008,0.43896484,-0.67529297
1468367909776,-0.51123047,0.7141113,-0.8959961
1468367909810,-0.25341797,0.45532227,-0.70166016
1468367909879,-0.4567871,0.564209,-0.77563477
1468367909909,-0.63500977,0.5336914,-0.857666
1468367909945,-0.3479004,0.5253906,-0.7841797
1468367909986,-0.38623047,0.36010742,-0.71435547
1468367910014,-0.57006836,0.6347656,-0.84594727
1468367910023,-0.5593262,0.4116211,-0.81225586
1468367910068,-0.14550781,0.42895508,-0.6472168
1468367910090,-0.60058594,0.5529785,-0.77856445
1468367910134,-0.55371094,0.5749512,-0.67211914
1468367910154,-0.3791504,0.68481445,-0.58032227
1468367910193,-0.42626953,0.46777344,-0.7468262
1468367910225,-0.27563477,0.6633301,-0.58203125
1468367910257,-0.27001953,0.77246094,-0.44750977
1468367910291,-0.5354004,0.70996094,-0.5554199
1468367910325,-0.2475586,0.85058594,-0.55249023
1468367910361,-0.5576172,0.79174805,-0.96972656
1468367910396,-0.79248047,0.92822266,-0.5114746
1468367910405,-0.39086914,0.6303711,-0.34594727
1468367910438,-0.90966797,0.55322266,-0.47387695
1468367910477,-0.4309082,0.99365234,-0.5751953
1468367910508,-0.48632813,0.49047852,-0.35986328
1468367910543,-0.47460938,0.9387207,-0.36206055
1468367910574,-0.027832031,0.90722656,1.2416992
1468367910607,-0.42749023,0.9313965,-0.6970215
1468367910639,-0.36108398,1.060791,-0.2980957
1468367910675,-0.1862793,0.7385254,-0.1928711
1468367910708,-0.27392578,0.7800293,-0.16137695
1468367910737,-0.45898438,0.9621582,-0.13769531
1468367910779,-0.15576172,0.8864746,-0.07055664
1468367910818,-0.69628906,0.87060547,-0.763916
1468367910871,-0.8552246,0.8688965,-0.2697754
1468367910893,-0.6574707,0.8598633,-0.0073242188
1468367910923,-0.6833496,0.80981445,0.13964844
1468367910960,-0.7458496,0.73168945,-0.075683594
1468367910990,-0.7687988,0.5727539,0.12915039
1468367911021,-0.5324707,0.72558594,0.053222656
1468367911054,-0.48046875,0.87597656,0.6376953
1468367911087,-0.32299805,0.4567871,0.1640625
1468367911131,-0.3786621,1.1220703,0.25
1468367911455,-0.49316406,0.73291016,0.33862305
1468367911505,-0.6201172,0.69018555,0.2746582
1468367911537,-0.5866699,0.7878418,0.4194336
1468367911582,-0.6003418,0.720459,0.36254883
1468367911618,-0.52246094,0.7224121,0.46655273
1468367911650,-0.45874023,0.68481445,0.5046387
1468367911686,-0.40014648,0.8039551,0.4975586
1468367911721,-0.31811523,0.7585449,0.6513672
1468367911757,-0.32666016,0.88305664,0.6821289
1468367911788,-0.40576172,0.9182129,0.76416016
1468367911838,-0.41479492,0.8886719,0.8183594
1468367911858,-0.46191406,0.9499512,0.9030762
1468367911893,-0.38305664,0.9226074,0.91381836
1468367911928,-0.31103516,0.9453125,0.8366699
1468367911969,-0.24682617,0.9650879,0.6594238
1468367911996,-0.23095703,0.88305664,0.6398926
1468367912029,-0.10131836,0.7565918,0.5563965
1468367912066,-0.053222656,0.7619629,0.5258789
1468367912104,-0.013671875,0.5493164,0.47753906
1468367912134,0.013916016,0.56640625,0.40771484
1468367912172,0.040771484,0.40795898,0.27319336
1468367912214,0.03125,0.41918945,0.18676758
1468367912248,0.006591797,0.26635742,0.15698242
1468367912276,0.044433594,0.18334961,-0.012207031
1468367912317,0.5407715,-1.5124512,-0.98291016
1468367912344,0.7858887,-2.0786133,-1.0842285
1468367912378,-1.3913574,2.1374512,0.9350586
1468367912413,-4.260254,0.052978516,3.387207
1468367912448,-1.5715332,1.8166504,2.8273926
1468367912484,0.08251953,0.16015625,1.7607422
1468367912516,-0.034179688,0.2998047,1.3376465
1468367912551,-0.5727539,0.6164551,1.2578125
1468367912578,-0.86035156,0.70947266,1.076416
1468367912594,-0.6604004,0.6010742,0.76416016
1468367912629,-0.5734863,0.532959,0.53686523
1468367912666,-0.38354492,0.33862305,0.3005371
1468367912698,0.15722656,-1.0820313,-1.7631836
1468367912751,0.7495117,1.1391602,-0.44335938
1468367912799,-5.123047,-1.1599121,3.1408691
1468367912831,-2.5375977,2.9020996,3.178711
1468367912847,-0.4724121,0.16845703,1.996582
1468367912897,0.056640625,0.19799805,0.9147949
1468367912913,-0.0715332,0.049560547,0.2956543
1468367912952,0.49780273,-1.2521973,-1.1975098
1468367912984,1.0644531,-1.4672852,-0.7199707
1468367913012,-0.85058594,7.967285,0.1899414
1468367913052,-2.399414,0.12573242,-0.33764648
1468367913079,-1.3037109,3.503662,0.7331543
1468367913119,0.37475586,0.4423828,0.37646484
1468367913167,2.4438477,-5.1030273,-1.4558105
1468367913198,1.3393555,5.4956055,-0.75683594
1468367913225,-2.3391113,1.1611328,-1.0910645
1468367913258,-4.0507813,-3.7504883,1.5888672
1468367913290,-0.006591797,2.2888184,1.0932617
1468367913338,0.016113281,0.65600586,0.7219238
1468367913394,0.020507813,0.5595703,0.75219727
1468367913433,-0.19238281,0.9223633,0.7854004
1468367913502,-0.049804688,0.6821289,0.6953125
1468367913532,-0.072509766,0.47827148,0.49365234
1468367913565,0.34887695,-1.5402832,-1.7197266
1468367913602,0.67822266,-1.4665527,-0.93774414
1468367913638,0.6904297,-2.211914,-1.3796387
1468367913673,-3.5039063,3.9335938,3.9729004
1468367913706,-2.850586,2.3615723,1.7512207
1468367913740,-2.0473633,-0.80078125,2.0219727
1468367913787,0.4038086,0.38232422,0.64624023
1468367913844,-0.06591797,0.53271484,0.6894531
1468367913882,-0.66259766,1.1420898,0.73657227
1468367913912,-0.53222656,0.91748047,0.8027344
1468367913949,-0.35473633,0.64453125,0.6315918
1468367913981,-0.067871094,0.28100586,0.33862305
1468367914020,0.20629883,-1.4619141,-0.7128906
1468367914052,0.73413086,-2.3203125,-1.3852539
1468367914086,0.9658203,7.9990234,-1.0898438
1468367914114,-1.5231934,3.4050293,-2.821289
1468367914176,-2.0998535,4.406494,0.9165039
1468367914195,0.6074219,1.2087402,1.7492676
1468367914243,1.4211426,-1.6459961,-1.9228516
1468367914274,1.2167969,5.859375,-0.9152832
1468367914292,-1.7971191,1.8056641,-1.8625488
1468367914343,-1.8217773,-0.30737305,1.2021484
1468367914368,0.82470703,2.588379,0.97631836
1468367914391,0.34448242,-0.9116211,0.36450195
1468367914447,0.24731445,1.4177246,0.7241211
1468367914457,-0.14379883,0.2541504,0.6669922
1468367914492,-0.71118164,0.84399414,0.92626953
1468367914533,-0.50561523,0.920166,0.8857422
1468367914559,-0.20532227,0.81030273,0.74975586
1468367914596,-0.0390625,0.7163086,0.7380371
1468367914622,0.37280273,-0.41137695,-0.92749023
1468367914655,1.9475098,-1.8220215,-0.45507813
1468367914690,1.1074219,-0.6088867,-0.453125
1468367914726,-3.52417,4.406006,1.9375
1468367914760,-0.39453125,2.786377,-4.109619
1468367914777,-0.8625488,-1.0026855,0.95751953
1468367914820,0.41796875,0.97998047,0.6154785
1468367914856,0.2590332,0.6755371,0.55078125
1468367914875,0.12402344,0.69750977,0.51293945
1468367914927,-0.041015625,0.6660156,0.34179688
1468367914944,-0.114990234,0.3515625,0.17871094
1468367914985,-0.11621094,0.63793945,0.8251953
1468367915022,-0.33764648,0.59228516,1.3359375
1468367915040,0.11328125,1.1196289,1.3708496
1468367915072,0.68310547,-0.23803711,0.14111328
1468367915112,0.26464844,0.44873047,0.81811523
1468367915142,-0.2956543,1.0507813,0.29760742
1468367915182,-0.96728516,1.3046875,1.7460938
1468367915206,0.08862305,2.5759277,1.0961914
1468367915238,-1.5195313,-1.4296875,0.9921875
1468367915273,-0.37939453,0.92089844,1.1918945
1468367915315,-0.09350586,0.7241211,0.94262695
1468367915347,-0.005859375,0.46142578,0.65063477
1468367915377,0.076416016,0.36132813,0.12475586
1468367915410,0.14282227,0.3557129,0.8154297
1468367915446,-0.28320313,0.27001953,1.2041016
1468367915458,-0.6213379,1.1831055,1.0927734
1468367915520,-0.079833984,0.25097656,0.33251953
1468367915557,-0.4729004,0.55566406,1.1296387
1468367915586,-0.69750977,0.5793457,1.0788574
1468367915620,-1.4624023,-0.39916992,3.6171875
1468367915658,-0.028320313,2.0952148,0.5673828
1468367915688,-0.6376953,0.64697266,0.5913086
1468367915733,-0.6188965,0.30664063,0.48339844
1468367915756,-0.4645996,0.79541016,0.29174805
1468367915789,-0.40966797,0.41845703,0.35083008
1468367915825,-0.5358887,0.5229492,0.30737305
1468367915858,-0.5827637,0.765625,0.3215332
1468367915892,-0.4116211,1.3010254,-0.024414063
1468367915907,-0.3972168,1.5412598,-0.20874023
1468367915938,-0.4404297,1.2036133,-0.48583984
1468367915971,-0.58935547,1.2956543,-0.58496094
1468367915999,-0.6257324,0.80200195,-0.6135254
1468367916033,-0.45898438,0.7932129,-0.5991211
1468367916069,-0.545166,0.6813965,-0.28076172
1468367916104,-0.9135742,0.6533203,-0.13549805
1468367916145,-1.5966797,0.75634766,-0.3725586
1468367916179,-2.2819824,0.94873047,0.03930664
1468367916200,-2.3095703,1.0827637,0.03466797
1468367916233,-2.1691895,1.5234375,0.2915039
1468367916274,-0.68188477,0.83935547,0.7619629
1468367916306,1.6018066,-1.0153809,0.5422363
1468367916320,1.2895508,-1.715332,-0.59887695
1468367916377,0.36816406,0.54003906,-2.3901367
1468367916398,1.0627441,0.49560547,-1.7006836
1468367916414,-0.49121094,1.5949707,-1.5114746
1468367916468,-0.8129883,0.21777344,-2.8933105
1468367916485,-1.1606445,-0.1965332,-1.8979492
1468367916518,-0.49609375,0.3581543,-0.78344727
1468367916555,-0.61987305,3.2941895,-0.14550781
1468367916582,-0.71777344,-0.23144531,-1.6413574
1468367916614,-0.20751953,0.390625,-1.0571289
1468367916648,0.05419922,0.29418945,-0.8515625
1468367916706,0.09790039,0.3864746,-0.67041016
1468367916741,-0.28759766,0.9536133,-0.14477539
1468367916750,-0.11352539,0.5588379,-0.32177734
1468367916779,0.6640625,-0.5407715,0.4831543
1468367916813,-2.2385254,2.1940918,0.8288574
1468367916847,-0.7229004,1.0734863,-0.44506836
1468367916883,-0.49829102,1.135498,0.10961914
1468367916914,-0.40942383,0.90771484,-0.3239746
1468367916949,-0.013916016,0.8510742,-0.27978516
1468367916982,-0.013427734,0.7949219,-0.5703125
1468367917016,0.0625,0.57299805,-1.0395508
1468367917051,-0.018066406,0.6188965,-1.0212402
1468367917064,0.20288086,0.6569824,-1.2751465
1468367917099,0.26757813,0.9741211,-1.1188965
1468367917433,0.31323242,1.392334,2.5358887
1468367917536,-0.5336914,0.25610352,-1.6008301
1468367917547,-0.22973633,1.2897949,1.1118164
1468367917576,0.37646484,1.1616211,0.7824707
1468367917610,-0.33984375,0.6772461,-0.64453125
1468367917644,-0.20166016,0.77197266,-0.41967773
1468367917679,-0.41845703,0.78149414,-0.58813477
1468367917712,-0.18579102,1.4155273,-0.7463379
1468367917752,0.11694336,0.9445801,-0.36572266
1468367917779,-0.49780273,0.9543457,-0.34155273
1468367917810,-0.4152832,1.0014648,-0.47265625
1468367917844,-0.3623047,1.5529785,-0.45092773
1468367917880,-0.037597656,1.0439453,-0.6472168
1468367917913,0.5097656,-0.19702148,-0.48339844
1468367917930,0.93188477,-0.68896484,-1.6428223
1468367917964,0.86816406,0.26049805,-1.2802734
1468367918030,-0.3059082,0.027832031,-1.3261719
1468367918069,-0.60498047,0.62841797,-1.4592285
1468367918094,-0.5751953,0.024902344,-0.84399414
1468367918128,-0.11206055,0.8730469,-0.17700195
1468367918162,-0.21362305,0.91381836,-0.5439453
1468367918191,-0.06933594,1.2370605,-0.11352539
1468367918226,-0.14111328,1.0114746,0.24267578
1468367918261,-0.16455078,0.34423828,-0.36547852
1468367918293,-0.16088867,1.6120605,-0.060791016
1468367918341,0.10424805,1.1337891,0.06640625
1468367918347,0.23242188,1.435791,0.44702148
1468367918409,0.24169922,1.1662598,0.09033203
1468367918450,-1.0522461,-0.45751953,0.2475586
1468367918492,0.008056641,0.52368164,0.63916016
1468367918514,0.008300781,0.30419922,0.5505371
1468367918547,-0.41333008,-0.21264648,0.81274414
1468367918589,-0.059570313,0.5065918,0.6188965
1468367918617,-0.095458984,0.46118164,0.5637207
1468367918653,0.08935547,0.3383789,0.63378906
1468367918688,-1.0048828,-0.16967773,0.1381836
1468367918720,-0.3310547,1.3759766,-0.6281738
1468367918756,-1.267334,2.4980469,-1.2546387
1468367918792,-0.0029296875,1.0983887,-1.0021973
1468367918823,-0.27807617,0.7819824,-0.83325195
1468367918860,0.1965332,0.38012695,-1.2207031
1468367918892,0.6032715,0.28759766,-1.5187988
1468367918932,-0.022949219,0.1784668,-1.0678711
1468367918969,-0.4609375,1.5187988,-0.40283203
1468367919015,-0.26123047,0.55029297,-0.64697266
1468367919035,-0.44433594,0.38232422,-0.73046875
1468367919073,0.71875,-0.3383789,-1.2463379
1468367919104,0.2692871,1.6691895,-0.954834
1468367919134,-0.5358887,0.71533203,-0.7780762
1468367919169,-0.19946289,-0.7380371,-1.8103027
1468367919203,-0.09033203,0.9343262,-0.3166504
1468367919240,-0.48657227,0.48632813,-0.5654297
1468367919273,-0.36523438,0.6940918,-0.59106445
1468367919307,0.01928711,-0.14111328,0.3293457
1468367919337,-1.1550293,1.5305176,0.088378906
1468367919385,-0.4326172,0.67578125,-0.62158203
1468367919423,-0.4658203,0.77001953,-0.45141602
1468367919454,-0.05493164,1.4274902,-1.017334
1468367919488,0.010253906,0.7409668,-0.8952637
1468367919506,0.36523438,0.6894531,-1.0175781
1468367919568,0.33398438,0.34204102,-1.6774902
1468367919590,0.1899414,0.047851563,-2.3291016
1468367919605,-0.9272461,1.2294922,0.9836426
1468367919640,-0.16699219,0.54467773,-0.829834
1468367919670,0.08911133,0.7976074,-0.6713867
1468367919706,0.06323242,1.0332031,-0.328125
1468367919739,-0.08178711,0.51123047,-0.71191406
1468367919769,-0.19702148,0.53637695,-0.87719727
1468367919808,-0.049072266,0.8515625,-0.7607422
1468367919835,-0.11987305,0.77905273,-0.43139648
1468367919869,-0.21533203,0.6501465,-0.7043457
1468367919905,-0.029785156,0.6064453,-0.4423828
1468367919939,0.024414063,0.48266602,-0.51416016
1468367919960,-0.31933594,0.35424805,-1.0541992
1468367920005,-0.43847656,0.56469727,-1.0090332
1468367920052,-0.22973633,0.140625,-1.2697754
1468367920086,-0.026367188,-0.16772461,-1.4226074
1468367920399,-0.17578125,-1.4221191,-1.7788086
1468367920458,-0.25854492,1.1740723,-0.7390137
1468367920473,-0.5493164,0.9562988,0.5336914
1468367920806,-0.06616211,1.027832,-0.0546875
1468367920848,0.023925781,0.8132324,-0.47998047
1468367920877,-0.109375,1.6000977,-0.8076172
1468367920910,-0.19726563,1.2106934,-0.6894531
1468367920945,-0.23901367,1.0424805,-0.68237305
1468367920959,-0.41967773,1.2470703,-0.7180176
1468367921013,-0.76416016,0.25390625,0.13330078
1468367921051,-0.3720703,0.79956055,0.45410156
1468367921120,-0.609375,1.1342773,0.60498047
1468367921151,-0.4807129,0.82666016,0.37719727
1468367921199,-0.13647461,0.56225586,0.26367188
1468367921221,-0.037841797,0.7145996,-0.004638672
1468367921254,-0.24438477,0.92993164,0.13061523
1468367921282,-0.81225586,1.7111816,0.10498047
1468367921332,-0.81811523,1.0510254,0.25439453
1468367921365,-0.64990234,0.77905273,0.18383789
1468367921377,-0.6882324,0.53100586,0.07006836
1468367921412,-0.5734863,0.63549805,0.13232422
1468367921453,-0.52075195,0.67529297,0.10449219
1468367921480,-0.37036133,0.5583496,0.13867188
1468367921517,-0.36572266,0.59936523,0.15039063
1468367921533,-0.46142578,0.7480469,0.32958984
1468367921577,-0.48168945,0.9304199,0.34814453
1468367921617,-0.5656738,0.7907715,0.2746582
1468367921628,-0.5361328,0.73168945,0.359375
1468367921680,-0.71484375,0.89868164,0.24267578
1468367921702,-0.8703613,0.8342285,0.5637207
1468367921732,-0.89990234,0.70092773,0.6748047
1468367921765,-1.0046387,0.42871094,0.34423828
1468367921795,-1.2595215,0.53686523,0.2680664
1468367921830,-0.84716797,0.052001953,0.4909668
1468367921862,-1.0581055,0.04272461,0.140625
1468367921896,-0.9902344,0.30249023,0.024169922
1468367921932,-0.95214844,0.2006836,-0.0034179688
1468367921967,-1.0305176,0.12670898,0.052246094
1468367921997,-0.94140625,0.24023438,0.12890625
1468367922032,-0.9777832,0.16479492,0.10986328
1468367922067,-1.015625,0.1586914,0.03540039
1468367922080,-1.0683594,0.23779297,0.053222656
1468367922139,-1.0522461,0.17260742,0.060791016
1468367922176,-0.98413086,0.115722656,0.1081543
1468367922209,-0.9897461,0.17553711,0.123535156
1468367922249,-0.93969727,0.17651367,0.13549805
1468367922278,-0.92333984,0.21508789,0.13452148
1468367922314,-0.9309082,0.22436523,0.14160156
1468367922347,-0.9580078,0.22363281,0.14331055
1468367922379,-0.970459,0.2685547,0.12402344
1468367922413,-0.9868164,0.31079102,0.14550781
1468367922448,-0.9863281,0.26123047,0.14111328
1468367922482,-0.9855957,0.27294922,0.1274414
1468367922496,-0.9807129,0.2619629,0.12133789
1468367922553,-0.96850586,0.24267578,0.12768555
1468367922593,-0.97021484,0.22436523,0.11279297
1468367922661,-1.0288086,0.18945313,0.099609375
1468367922694,-1.0236816,0.17333984,0.095214844
1468367922727,-0.9655762,0.1743164,0.084228516
1468367922759,-0.91625977,0.16748047,0.08276367
